BASELINE
MCC: 0.4827484748582156
Balanced accuracy: 0.5319
FPR: [0.11538889 0.02422222 0.07338889 0.06488889 0.04983333 0.04327778
 0.0165     0.01111111 0.10066667 0.02083333]
FNR: [0.412  0.419  0.4545 0.5535 0.4835 0.5125 0.4985 0.454  0.417  0.4765]
Precision: 0.5809947953854471
Recall: 0.5319
F1: 0.5424847015375406
SG: [0.0588  0.0581  0.05455 0.04465 0.05165 0.04875 0.05015 0.0546  0.0583
 0.05235]
RH: [0.0412  0.0419  0.04545 0.05535 0.04835 0.05125 0.04985 0.0454  0.0417
 0.04765]
AC: [0.10385 0.0218  0.06605 0.0584  0.04485 0.03895 0.01485 0.01    0.0906
 0.01875]


