SHINE
MCC: 0.17613082827699608
Balanced accuracy: 0.5798291598052376
FPR: 0.21216394059033652
FNR: 0.6281777397991882
Precision: 0.6066573719065876
Recall: 0.37182226020081177
F1: 0.46105960264900664
SG: 0.17405
RH: 0.29405
AC: 0.11285


