BASELINE
MCC: 0.5374706886038448
Balanced accuracy: 0.8515454545454545
FPR: [0.         0.01735582 0.06137106 0.11621328 0.0484222  0.01044614
 0.01191513 0.18030468 0.00266594 0.01055495 0.08552775]
FNR: [1.    0.072 0.024 0.104 0.167 0.038 0.073 0.065 0.026 0.036 0.028]
Precision: 0.5469326692259847
Recall: 0.8515454545454545
F1: 0.6390379894016432
SG: [0.         0.04788442 0.0503612  0.04623323 0.04298246 0.0496388
 0.04783282 0.04824561 0.050258   0.049742   0.0501548 ]
RH: [0.48400413 0.00371517 0.00123839 0.00536636 0.00861713 0.00196078
 0.00376677 0.00335397 0.00134159 0.00185759 0.00144479]
AC: [0.         0.01646027 0.05820433 0.11021672 0.04592363 0.00990712
 0.01130031 0.17100103 0.00252838 0.01001032 0.08111455]


