SHINE
MCC: 0.29257901043840745
Balanced accuracy: 0.6362826415238165
FPR: 0.7217595701813297
FNR: 0.005675146771037182
Precision: 0.32101339398534245
Recall: 0.9943248532289628
F1: 0.4853376635781833
SG: 0.25405
RH: 0.00145
AC: 0.53735


