BASELINE
MCC: 0.5225611157210441
Balanced accuracy: 0.8515454545454545
FPR: [0.         0.01842105 0.05557895 0.06715789 0.05610526 0.11905263
 0.01163158 0.13405263 0.00757895 0.01726316 0.07278947]
FNR: [1.    0.072 0.024 0.104 0.167 0.038 0.073 0.065 0.026 0.036 0.028]
Precision: 0.4965540149477809
Recall: 0.8515454545454545
F1: 0.6067613470118963
SG: [0.      0.0464  0.0488  0.0448  0.04165 0.0481  0.04635 0.04675 0.0487
 0.0482  0.0486 ]
RH: [0.5     0.0036  0.0012  0.0052  0.00835 0.0019  0.00365 0.00325 0.0013
 0.0018  0.0014 ]
AC: [0.      0.0175  0.0528  0.0638  0.0533  0.1131  0.01105 0.12735 0.0072
 0.0164  0.06915]


