SHINE
MCC: 0.3157756665443549
Balanced accuracy: 0.637172354253399
FPR: 0.7196682633874312
FNR: 0.00598702810577083
Precision: 0.3725612416630306
Recall: 0.9940129718942292
F1: 0.5419840406238665
SG: 0.29885
RH: 0.0018
AC: 0.5033


