SHINE
MCC: 0.4372794078982475
Balanced accuracy: 0.6702206309664602
FPR: 0.6593406593406593
FNR: 0.0002180787264202377
Precision: 0.5622049175301981
Recall: 0.9997819212735798
F1: 0.7197017268445841
SG: 0.45845
RH: 0.0001
AC: 0.357


