SHINE
MCC: 0.29891444281868534
Balanced accuracy: 0.6362911306459631
FPR: 0.7266562690716756
FNR: 0.0007614696363982486
Precision: 0.32878170999060446
Recall: 0.9992385303636018
F1: 0.4947685927043076
SG: 0.26245
RH: 0.0002
AC: 0.5358


