SHINE
MCC: 0.6829289572273757
Balanced accuracy: 0.8215837819958762
FPR: 0.30575424362122344
FNR: 0.05107819238702419
Precision: 0.8983207299321901
Recall: 0.9489218076129758
F1: 0.922928217099504
SG: 0.7022369005328597
RH: 0.03779973357015986
AC: 0.07948490230905861


