BASELINE
MCC: 0.6224886901905033
Balanced accuracy: 0.65855
FPR: [0.07272222 0.01527778 0.05133333 0.05072222 0.04211111 0.03644444
 0.012      0.00894444 0.07311111 0.01672222]
FNR: [0.3165 0.3265 0.334  0.4005 0.3405 0.409  0.3595 0.3405 0.224  0.3635]
Precision: 0.6874406796213013
Recall: 0.65855
F1: 0.6641251550712451
SG: [0.06835 0.06735 0.0666  0.05995 0.06595 0.0591  0.06405 0.06595 0.0776
 0.06365]
RH: [0.03165 0.03265 0.0334  0.04005 0.03405 0.0409  0.03595 0.03405 0.0224
 0.03635]
AC: [0.06545 0.01375 0.0462  0.04565 0.0379  0.0328  0.0108  0.00805 0.0658
 0.01505]


