SHINE
MCC: 0.48386044480878976
Balanced accuracy: 0.7529769744560658
FPR: 0.3915420241439526
FNR: 0.10250402694391565
Precision: 0.5430622009569378
Recall: 0.8974959730560843
F1: 0.6766767871929341
SG: 0.30645
RH: 0.035
AC: 0.25785


