BASELINE
MCC: 0.5271563063773246
Balanced accuracy: 0.8515454545454545
FPR: [0.         0.01347368 0.03947368 0.05052632 0.02752632 0.10857895
 0.00821053 0.06726316 0.00505263 0.03305263 0.20647368]
FNR: [1.    0.072 0.024 0.104 0.167 0.038 0.073 0.065 0.026 0.036 0.028]
Precision: 0.5233792782124914
Recall: 0.8515454545454545
F1: 0.6241102206886169
SG: [0.      0.0464  0.0488  0.0448  0.04165 0.0481  0.04635 0.04675 0.0487
 0.0482  0.0486 ]
RH: [0.5     0.0036  0.0012  0.0052  0.00835 0.0019  0.00365 0.00325 0.0013
 0.0018  0.0014 ]
AC: [0.      0.0128  0.0375  0.048   0.02615 0.10315 0.0078  0.0639  0.0048
 0.0314  0.19615]


