BASELINE
MCC: 0.7214033883096012
Balanced accuracy: 0.74735
FPR: [0.06344444 0.01033333 0.03933333 0.04022222 0.02394444 0.02172222
 0.0085     0.00572222 0.05716667 0.01033333]
FNR: [0.161  0.2435 0.2235 0.3415 0.245  0.3425 0.289  0.262  0.1105 0.308 ]
Precision: 0.7719155518598165
Recall: 0.74735
F1: 0.7506745854942294
SG: [0.0839  0.07565 0.07765 0.06585 0.0755  0.06575 0.0711  0.0738  0.08895
 0.0692 ]
RH: [0.0161  0.02435 0.02235 0.03415 0.0245  0.03425 0.0289  0.0262  0.01105
 0.0308 ]
AC: [0.0571  0.0093  0.0354  0.0362  0.02155 0.01955 0.00765 0.00515 0.05145
 0.0093 ]


