SHINE
MCC: 0.5266019701088193
Balanced accuracy: 0.8008070894626547
FPR: 0.28835217769452065
FNR: 0.1100336433801702
Precision: 0.5106165550130578
Recall: 0.8899663566198298
F1: 0.6489177489177489
SG: 0.22485
RH: 0.0278
AC: 0.2155


